,country,gold,silver,bronze,total
0,Australia,2,0,0,2
1,Austria,2,1,2,5
2,Denmark,1,2,3,6
3,France,5,4,2,11
4,Germany,6,5,2,13
5,Great Britain,2,3,2,7
6,Greece,10,18,19,47
7,Hungary,2,1,3,6
8,Mixed team,1,0,1,2
9,Switzerland,1,2,0,3
10,United States of America,11,7,2,20
