,country,gold,silver,bronze,total
0,Austria,4,5,3,12
1,Canada,1,1,1,3
2,Czechoslovakia,0,0,1,1
3,Democratic People's Republic of Korea,0,1,0,1
4,Finland,3,4,3,10
5,France,3,4,0,7
6,Germany,3,3,3,9
7,Great Britain,1,0,0,1
8,Italy,0,1,3,4
9,Netherlands,1,1,0,2
10,Norway,3,6,6,15
11,Sweden,3,3,1,7
12,USSR,11,8,6,25
13,United States of America,1,2,4,7
