,country,gold,silver,bronze,total
0,Austria,2,4,2,8
1,Canada,1,0,1,2
2,Finland,3,4,2,9
3,France,0,0,1,1
4,Germany,3,2,2,7
5,Great Britain,1,0,0,1
6,Hungary,0,0,1,1
7,Italy,1,0,1,2
8,Netherlands,0,3,0,3
9,Norway,7,3,6,16
10,Sweden,0,0,4,4
11,Switzerland,0,0,2,2
12,United States of America,4,6,1,11
